connected_vertices=8
0	1
1	2	9
2	3
0	7	8
8	9	10	11
3	4	10
6	7
5	6	11

particle_count=50
vertices_count=12

particle=0
-7.238930913575114		4.28480681006995
-4.469528685524048		6.964048701827379
3.785175932704141		4.6336038766576895
6.758144379603291		4.10712286892045
5.000622002981616		-3.5392337340448403
1.9146911042256645		-6.279988528737209
-3.6646259549556484		-7.376186986262095
-6.6677622063250315		-3.766395256908618
-1.965910882013818		-0.4068311425746798
-0.9414460352134987		2.8157012437329905
2.6843084697248574		1.3375271585349935
1.5173745991397396		-3.327381953694197

particle=1
-6.895051040901344		4.518237967071309
-4.241337835543814		4.4603185129742595
2.8107616391730605		6.924991035547615
5.782775325320389		3.716149463461192
7.252342245858626		-4.644791002401719
3.6041481346713393		-5.940227681496228
-1.3593585105810864		-4.769876404960642
-5.978146407158786		-1.8742086527359063
-3.1310214425637057		-1.3422892527896
-0.05716180126583359		1.9718441377241096
1.808209895561145		1.312221279274607
0.08607032166997047		-4.067316439788963

particle=2
-4.566175500624345		3.0650728124310587
-4.208244062003979		4.82477247507205
2.1353158172646407		4.7510408123150825
4.606159479224761		1.6268457629220112
4.588758176999621		-3.369259270308051
1.6756180904394689		-7.1840899806630185
-3.033757607953552		-6.158549100071913
-7.597060222769249		-3.576673267128579
-2.4706147165485834		-0.5061304625984803
-0.6801857209986726		3.1625285249451727
2.3298914078296336		-1.600380365730888
1.651711575347552		-4.410700742759328

particle=3
-6.140204571991275		3.5784515551270117
-4.22853897172389		5.557901587034305
4.221083173121999		6.859324911857691
5.879720110573937		4.176953117180089
6.049277649331203		-2.127885930553632
2.3838943556650625		-5.569176952747859
-3.6462063331393315		-7.710282762648749
-5.0734788682396506		-3.4426463823132356
-3.1946279280919856		1.3093852463044409
0.02816934809637578		2.068416048546624
2.611951635612561		1.0681078054337076
0.8149086853944745		-1.3185193286096926

particle=4
-6.368683328381482		3.198826647952798
-1.7734682154127848		6.348170933246573
2.8748688512206524		7.539541859093424
4.6381565201647925		2.490092469022045
6.81706536069383		-1.7408538079510472
2.7437319460480873		-5.544518216217926
-2.786100436999049		-6.965457878190312
-5.098251175488287		-2.1751838252413958
-4.540360411793465		0.3698396174640023
-1.0109738551883602		3.3515525609840258
2.13548383719936		-1.001597122073056
0.025732148223663986		-2.5313517976467903

particle=5
-6.346387242939222		2.475628797927669
-4.488385349348786		4.34340647622998
2.4826521259116294		7.244960480223504
5.4651221385272475		2.823551155575881
4.61273158311501		-2.446602164669033
4.24078638348418		-5.424404536269705
-2.2016667451150775		-5.787217934112292
-7.421422163358072		-4.390383875346882
-3.7922595557065693		1.114106714137096
-1.0930500423177407		2.925721434820409
2.786356898860365		-0.8642737812545742
-0.5506260811290951		-4.273163458953921

particle=6
-5.624766165382411		2.9359276387123923
-3.1775084421743625		7.491307050148722
3.0045962246636595		4.451693933883003
7.210251929640123		3.0876999410370303
7.324376557214641		-4.315685794115684
1.5535264246143876		-4.880462158697939
-4.118558950960611		-5.42301723130624
-5.556374807524053		-1.5055437130994234
-3.5964891122440505		-0.13793769636896763
1.6144713517575366		3.670210461125253
2.6519714107946317		-0.6093292435239128
0.5614180995813334		-3.629240122818502

particle=7
-6.35511025908047		3.427741395443367
-3.529418113229343		6.787531274379657
2.158880445549326		5.9047589433503544
7.109393515826758		3.5820295782217366
6.921444479258251		-3.9408020400522745
1.5462401679065945		-5.029763312843077
-2.303855112027465		-5.676148495793606
-5.89498031638755		-3.006997786382635
-1.5100386603786444		-1.3190129500303902
-1.3897996382744342		2.3812870594434052
1.4722933886421832		1.4926078557067612
-1.277731061748916		-2.336443204208594

particle=8
-4.530001787230855		2.780271538360616
-4.726082213417913		5.104680913142486
1.5217187652669437		7.089782855561097
7.592283290803461		4.510900128886885
7.079744009001843		-3.5773358871454053
3.350896910754448		-5.151887799934965
-4.229121523107458		-5.021477942493847
-6.270824154753479		-3.712093294830236
-4.514737140480702		0.7872096703718645
-0.8527603885443023		3.3781922787825636
4.418110926213229		-0.8520180043306367
0.35864173773965463		-3.417646306422407

particle=9
-7.357355786670038		4.388688479300166
-4.661064260364498		4.873880092385592
4.548237212098356		4.771693671463696
7.64035229451554		3.0546340864670536
6.704743891543378		-1.8089312329587441
4.446572784025972		-6.0137147874208585
-4.293871149125268		-4.594649281849241
-5.586279321784617		-3.02154759050489
-3.211044413023101		0.6233993554756871
0.8142073662894288		4.574152282451305
1.3317858991776643		1.0692222215049887
-0.17189719442649487		-3.009971739501649

particle=10
-6.490038014640461		2.9025486934775255
-3.451725862449609		7.324086830743956
1.4901047487339512		5.354607279466741
4.3821403587836905		3.44208166924303
6.797152482602999		-4.436105433167146
1.4277383219667044		-5.012547529755765
-4.385399177860464		-4.284262103764243
-5.117699397497527		-2.2586882769673102
-1.9768175132271624		1.2761318781529918
-1.51725710350193		2.2519758975494524
1.2574778645280262		0.8011460854929457
1.228677311277592		-2.9356245970379424

particle=11
-6.204069112772274		2.483423321029973
-1.555748329638941		7.556854004598527
2.111058097762533		6.068874526560294
7.008806002141673		2.253498315868576
5.755504385028612		-3.4342125091102025
1.7039996016149397		-5.029587719784288
-4.544255125244834		-6.621737206740923
-6.849012391261335		-1.3702520877470914
-3.3644517904605125		-0.5958573232424278
-0.7990935258201589		1.923898705893702
2.9330509376275895		0.7853044269781481
0.5876514388759857		-1.490929293358903

particle=12
-5.150961765840132		2.643412800360394
-4.38805321650874		6.084735888822261
2.7425486548330267		5.453383591902671
5.855405982927568		2.068887250396218
4.581052152025792		-1.9471743372792651
1.6790789448838241		-7.0127334121347555
-1.6371374833031904		-6.347266359953952
-5.852018832227773		-2.4435870484778714
-3.941595806810713		-1.7070406981467288
0.43085523659504077		2.317713947035419
2.0115095157130467		-1.4275390580856822
0.5303806157529256		-3.385585506966629

particle=13
-5.992806518961428		2.6977357365981858
-2.186759547896708		5.351912611908785
2.6744957204498143		7.251773025709018
4.361862025257313		4.130475320266182
6.66786940209807		-1.7053321725230575
2.6589106720460367		-6.609124389649429
-3.119765500783382		-4.874974689668377
-5.886319442322807		-1.9958618963106156
-2.5940894217274493		1.5646085798565652
-1.1609376819619586		3.0540406592105667
1.8614636655633607		-0.5468921696419675
1.5218801847365586		-3.172134813001138

particle=14
-6.370539743491907		4.147359319954687
-2.025967951907103		6.073766519696949
4.341325159876128		4.4221537185471576
4.331863661832081		4.630766045358069
4.493201707506863		-1.8814136305070608
4.436499941013691		-4.5052413054864875
-4.472816188357252		-5.271169472660322
-4.891226121096553		-4.320150072478501
-2.0710361906550085		1.2633259787884907
1.1184252677055408		1.8379589176381255
3.4111820688062506		-1.0938331825065124
0.6083118794886011		-4.175679214876378

particle=15
-5.267386776274762		3.372095254096686
-1.6760923885941958		5.122816976368035
3.812388318661346		6.7766232165313225
7.490272116817293		4.272224569055015
6.916370606103937		-1.286830769971518
4.194009928642707		-7.081945866199515
-4.222569795303322		-6.669549195162517
-5.849536974624673		-4.1200444864985455
-2.755794961107291		1.5080632752054886
-0.7609649671756908		2.251973614280718
4.592134955009942		0.011497140636002157
0.7013137808908066		-2.542548045846381

particle=16
-7.080857006043105		1.3108866288538015
-3.001175340832055		5.783711065311839
1.4979222487035075		6.209819668396465
4.3619225029820905		2.644345056383269
6.354435966175825		-1.4918073453506784
1.3360802883961111		-7.563919536418756
-2.759396762310856		-5.864315567619282
-7.47169411976981		-4.677324102959737
-3.5823197494840886		-1.528840955875029
-1.3900588430416025		2.436831846306074
1.7351721064438423		-0.34577204306834636
-1.2224189723866337		-2.737046558029008

particle=17
-4.905475070997145		2.410290837569411
-1.3606771633595807		7.093607951133352
2.0794569470887208		7.006063018527233
6.946633547508003		1.6991191556816247
4.689883103697889		-4.263809269416715
2.0039508595692297		-6.250558165579471
-3.193716743776251		-5.4004386428960505
-5.346464395070118		-3.2691939846907965
-1.4801634067779488		0.6213593973185085
-1.547427944940881		2.3849158383670206
4.235812174363037		-0.6734509334227821
1.4675397726795756		-4.387640321510168

particle=18
-5.473624717511537		3.07614722973145
-1.5515198485917707		6.52664253413896
2.1071897651369467		4.64589520980666
4.514360566579063		3.457043718092426
7.068812284760873		-4.0420823933609915
1.45628096000461		-6.673570708993216
-3.3739285305409137		-4.99678451814318
-7.274833581186219		-1.378347275702385
-3.7432482997649137		-0.45681983085757544
-1.700212732803755		3.8347735746387315
2.078502229718869		0.2843158663977246
-1.5532812989869198		-4.042781077461493

particle=19
-6.488744571417531		3.948196367113084
-2.38590337263579		7.134656343825549
4.313951154479058		5.193584190276202
5.324438361461283		2.733933156719856
6.187972750988516		-3.228670061216783
2.7665858036605693		-4.256061208864592
-3.882847534814834		-7.4668053148018085
-5.1743867072190115		-4.295472168681013
-3.7906679532293563		-0.38211383879899785
-0.7297215241972732		1.4103886572410653
2.2591550558507016		-0.9508374916301887
0.7622803868729839		-3.1435940294083373

particle=20
-6.786527035410433		1.3312148247324616
-3.8308629059043513		6.668603215687181
4.163146378435304		7.074558890109085
4.517168165166217		2.096992764837119
6.748946067576235		-2.819971670814648
2.3818570654203346		-6.682491464025079
-4.066952375649304		-5.262704226443491
-7.172142185840847		-3.5123216355957068
-1.5145138045410238		1.22740109097402
-1.2108821829349505		3.580075196740956
4.041691712218743		0.9342840069429564
0.4143341927626162		-4.47385895246205

particle=21
-4.829046502884031		2.445979461426176
-4.4430781257047185		7.08991711352982
2.4108604768942494		7.093614958564122
5.85265663339557		2.0588258114996902
5.763935297828833		-1.8614227641232028
2.4201635980660674		-6.76211821159942
-4.05439875083678		-4.733666723979341
-7.3933066641688905		-2.8460542911656947
-4.651269070976868		-0.7172536690754401
0.5097860012883548		3.1770631042757067
1.6233889792501106		1.6484812534736804
0.3580695102513529		-1.562433969616466

particle=22
-4.779719374032062		3.0214656366569654
-3.857037974424045		4.513047512359741
2.1450463819619836		6.320333982873833
5.464093526407063		2.7464563935391584
6.725467732141484		-2.5095341641351743
3.85885062341728		-6.669257883187097
-3.358503140966386		-5.738266094638802
-6.618538391705879		-2.366485327709065
-3.8932196851675824		1.3845293122947802
-1.3252120821911495		2.7271191715225394
4.556418566386811		-1.2893762066164642
0.1947806491503582		-1.40489638162103

particle=23
-4.911578304454737		2.018607207702027
-2.374169481482763		6.668421517248766
4.498453251474068		6.478565672206215
6.874359354651386		3.8843959116804214
4.449278331159622		-4.019304663266521
4.348699661062867		-5.4330349167863154
-2.528568212749758		-5.858873102330888
-4.9742762954980995		-2.4209231190372007
-3.364477480239739		-1.2126144197040287
-1.4678819763874316		2.284834840956208
1.4529882641944245		0.007857697194173896
-1.379995806353195		-2.7310539963909912

particle=24
-6.821307190835764		1.9305029289509934
-3.9268755468484615		5.68955180470798
2.459542232191562		5.782284695525803
7.403065101923014		3.952770444019151
6.567461252818989		-2.9046059706041145
2.557256245485396		-6.945935865854126
-3.92152641041965		-6.363662012829668
-5.651590882318131		-2.4920090932392327
-1.8246918801748606		-1.6425144564762462
-1.3682127055857602		4.46688050964899
1.9948705568441378		1.5205307974665239
1.2147691992034613		-4.112987795923782

particle=25
-6.3499311781331995		3.292965047078205
-3.7592262352034		5.787425066159291
2.6447365222699077		5.89466583692375
7.39916358846998		2.8222867900396884
7.006753040542575		-3.4717080166244836
2.045992590475224		-5.250320244189234
-1.6058182166669044		-6.457854790535363
-5.652814452903122		-4.104567120091215
-3.937713164202454		-0.38593613988742653
-1.3200959544279762		4.348719253006378
3.1187654384400347		-0.059958569702057374
-0.2546818105136065		-1.5573236587301016

particle=26
-5.441240236102159		4.345564048389441
-4.637328961299824		5.827933805194504
1.8585779862921865		5.092164909862918
5.627375064196262		2.420241517831127
7.5153511880021		-1.5142792997694572
4.263158303734513		-5.589592057474194
-1.5375240692377392		-6.305145356737427
-6.495448789849426		-1.9577565454867532
-2.508907606668698		-0.07172417995556596
-1.058159856975093		4.389711185633496
3.6650392850053866		-1.3748741900534198
1.5545005792029323		-2.792848493230238

particle=27
-4.84559710044878		3.7364804205265925
-2.00245221286327		7.399343082367034
2.382495157558722		5.887531850143
6.552918018266284		1.5601082015469414
5.108012999002417		-2.173108728880039
3.2344403289977226		-5.953438620604591
-3.724667291486382		-5.470385516015483
-5.830251467929178		-4.462751547521176
-1.278803693122643		-1.0766980685584349
0.8301280394245649		2.255262689048988
2.188041002756795		-1.0825304870075607
1.1074371664336515		-3.967457313217081

particle=28
-6.551839958119816		1.9612703822636237
-2.0550166921052617		4.344596371267851
2.428130987163562		6.964885557128002
6.046569613938395		2.238147871140857
5.312724200611263		-3.67541151714779
2.6269679003908912		-7.058201356571888
-3.201880552280333		-6.625339535803855
-5.028894412503497		-4.6267922289613725
-2.2486972025210714		0.4003176178588281
0.7893143947522192		2.2841367660668537
2.4881776735726624		0.04774637958709782
1.0695143484446872		-1.3662676086995296

particle=29
-5.313725390780837		1.2952885257976856
-1.3579122122816831		5.328848532458793
2.1478568216209015		7.10171514752258
4.526583720445824		2.781460542385926
4.479575598300929		-1.9847817189890695
3.0619754592636195		-4.486692081604765
-3.2163087580408063		-5.173261828102564
-5.142008558897876		-4.70432054066717
-1.500799687389084		-0.4491857326874575
0.5061939197282364		4.0561066664401455
2.568242477191904		-1.0815049393150176
-0.9607386553039052		-3.4693115458063652

particle=30
-6.083154848481112		1.7029934688683426
-2.6207672983097163		7.652726021741032
1.4609691881182627		7.740044528709436
6.39739602619035		4.170700834752305
6.730261258793034		-4.540824306542605
3.5902268305676817		-7.368557231856686
-4.085494552485837		-4.7767620619613345
-7.533151544467154		-3.4452847892474496
-2.0214427200258025		0.5674727546116024
1.0626315732354625		3.68615752296662
3.7522071565105835		-0.017395881871765384
1.697860091399125		-3.3135867843437548

particle=31
-5.888479290459799		2.8946137115363837
-1.7341462048472787		6.012417963342712
4.208209759815889		4.9091962177446185
7.029894437632409		3.4320234232923275
5.020485615839627		-3.0356810039602213
2.9030487053583953		-4.9746037660405475
-4.605353179196082		-6.4429209977823945
-5.359474192833153		-3.0566963759112915
-1.7008266728108874		-0.5898890679762301
1.3487113362996617		3.8936669969570836
4.5534673913085095		1.6073151367600595
0.9802377156697243		-2.2349791030580732

particle=32
-6.096355174548902		2.2313858063154783
-3.1923922614370936		5.968726737253228
3.808561725259174		7.325637784169283
4.613388662274714		1.3008081546183228
5.1491281022988		-2.8269907015559803
3.3590869761277764		-5.624207806442463
-4.493219705003141		-5.133065876389529
-5.996512377580767		-1.802048648020232
-2.36161031021933		-1.3035244134981494
-0.24815019866398097		3.143148473167807
3.8611184280923974		-0.8007923691659402
0.8800185643141176		-1.3044463994002118

particle=33
-7.057922816587161		1.6166320282537587
-4.329846455017121		6.439361060890294
2.860308916329982		5.409552337013636
5.500655117052666		3.628966476058894
5.804361929300151		-4.375199195597037
1.4419927557858845		-4.564812924719051
-2.01559269410037		-6.1727743863220885
-7.686809737740439		-1.3413493858735257
-1.4917923937612139		1.1745587747816197
-0.5551891610945396		2.495391550749554
3.1269482071626995		-0.7468689758631235
-1.1842444574662596		-3.6707137079472933

particle=34
-5.207810170262957		2.8146644639956286
-1.9021670423621426		7.043599152672853
2.4610720836882263		5.032984982997534
5.290804281645209		3.826794146342978
6.739256117203851		-3.5525051558080705
4.296716553175775		-5.655390884668681
-3.0495494118678947		-7.5574588025670355
-5.0575902421468335		-1.4660369848151862
-3.164097726933728		-1.6590930377418416
1.6383377366177587		2.387336994398817
2.3308297390773918		0.9364209479409891
-1.6784620692689693		-2.722636198580451

particle=35
-7.626548817214143		4.066034326324307
-1.4757938440634666		7.0360952732454916
2.546926098010076		6.111043249402929
6.1320819554381245		3.7985188322535155
5.689538173023988		-4.123414137362421
3.507130996627541		-5.564697358190749
-3.232809806268401		-5.121602380144926
-6.3706921991730825		-2.060735169072029
-1.2810671823104798		0.8242480258540341
0.6033399426255731		1.4295250537727107
3.3719833359971374		1.5146756289298595
1.4944161754102387		-3.8035331175922944

particle=36
-6.77126368783698		2.3258569008217655
-2.105434568336291		4.475190428871005
3.52657683821825		5.392163553113157
7.362390337775837		4.710193203614295
5.265617393874171		-3.374173119051138
3.977539080100058		-4.388701390232639
-4.486851303082192		-7.2106099596714275
-5.657827299405659		-4.205904484284501
-3.7601408555752434		-0.5815802264563392
1.0666761525731583		3.641957986035642
2.581551911760568		1.3769973231719101
1.6619824714125553		-4.646820971820322

particle=37
-6.837036892859691		4.663130154530186
-1.527664301521237		4.553722329424096
1.4428890823429008		6.446973457366483
7.140401607143621		3.741650766377404
6.403942576114535		-2.6900696905216672
1.38368809960235		-6.4763132366506815
-3.4341040025130685		-4.724203187256626
-6.928531928655252		-2.7413143272066605
-2.872636090666442		1.5957534970705014
-1.0171484235318586		2.688492895185792
4.0694210735890195		-0.6074704783715802
-0.8636953548680395		-4.18249313171253

particle=38
-6.4398556028072145		3.696876741503077
-2.9260519057096523		6.905541755413869
3.1721432509147185		5.574914068857583
7.304052160309842		1.4607957948875638
7.228599716911235		-2.263610665779712
2.2137048229421774		-5.899298170886062
-1.9095915333873892		-6.306996452996846
-4.371562531600398		-2.712332665431603
-2.545153027934573		-0.933698625660198
-0.6091852597726533		2.8776544647249835
1.5464234426759502		0.4048475144618915
1.5399905986826288		-2.074379107874722

particle=39
-7.747472932867732		1.8533200778416752
-3.6754318899372747		6.061300535585535
1.9987157648510796		6.449188273822348
5.146778593316929		1.3355567391393635
4.7130123728459195		-2.7654486161084715
2.9773377431394197		-4.748731876849664
-2.3012301107308932		-6.436187384381551
-5.7740181358971405		-3.2348074901223547
-2.5032547646213934		-1.6593210192298051
0.57131283760176		3.0314419295002883
2.146279939132247		-1.3289847232644572
0.5577505703105956		-2.3409510883846396

particle=40
-4.75347723698337		1.264943484564808
-3.483690425879286		5.194528056152857
4.705162536383487		6.721170624393871
5.486424447944477		1.3192749558436643
5.2931572855674975		-3.7548194551895735
2.2088834851698724		-6.77686985057283
-4.709610798752017		-4.368591711097151
-5.2017910083873655		-3.407433877199291
-1.7309224512909962		-1.243159530089525
-0.031111333689002152		3.0595343250379656
1.8949590221691885		-0.2572277746148681
-1.2704566587406207		-1.31501692793327

particle=41
-7.453032359208965		2.7310202283272886
-1.763488718241464		5.432137613667022
3.5178032780624915		5.566063554694256
5.166516994695286		2.356615412588827
6.836262429557734		-3.914959124004315
3.949822660605479		-5.089967766099603
-1.381755363496807		-4.680979707819132
-5.266065550274834		-4.289544673908631
-2.4658356559409187		-0.6443978708186853
0.19411150662928683		1.6013128710855673
2.3817138192403404		1.3192556541726894
-1.184491908979103		-3.278725640713777

particle=42
-5.5602819789733635		3.4164585936387972
-3.203465027148066		5.1485926985850625
3.532466838351521		4.614021833282866
5.312646219313761		2.3705855452457376
4.535514141173525		-3.454960643409047
2.9327797374742914		-7.312182199930794
-3.3663750245182826		-6.479471275604389
-5.265707624787211		-2.3393678190876486
-3.468878489398572		1.3704601205602907
-1.1833379476826125		2.5909447888659884
2.6051306417819537		-1.3739187694881787
-1.012096618435172		-2.7173742877467175

particle=43
-7.29649079683511		2.6150102747172808
-1.376965109624085		5.242165255322726
3.683553019230903		5.394347066320414
6.250198772212047		4.463361061820139
6.2191027704049056		-3.251100767912211
3.923130134482883		-4.8600433245739625
-3.1660568303867724		-7.417549576753481
-4.544462404463089		-3.7048134977946985
-3.1148611445785903		-0.11402453064810852
1.7317943657686632		4.630778775056379
3.0777397851551043		0.1991429903893428
-1.1123124278934873		-3.016500178997215

particle=44
-5.0807831291348675		3.254655051055486
-2.6027946903845813		4.662084710197364
2.2418108040144737		6.79041010699869
4.626467925851917		4.384777617650856
4.855693796673464		-2.941083779695587
2.5272227283758166		-5.856359076094991
-2.7050388954489826		-5.150985371148654
-5.772949752983421		-3.4676505511650166
-1.5588977952014291		-1.142248328419218
0.5972208816557116		3.05783677176896
3.205473006243965		-1.6172000431384
1.1833632121792		-3.684535100487424

particle=45
-7.149070112513114		2.4700274705695144
-1.5880440895106651		7.046882247301693
4.09000381801119		6.914998137485665
5.737417148537769		4.707989812001647
4.4011366299726475		-3.303500541080942
3.5780526171289155		-6.955239932661998
-4.74721041410431		-7.052464715631983
-5.234497177276249		-4.053234790940482
-1.2642662843532595		-1.461984527683964
1.6938591976083148		2.689873342807744
4.119739472218933		-0.8400159194517798
-0.10966078463600393		-2.343435920305408

particle=46
-5.248983327478777		2.9362793494044115
-2.8309183537545968		6.2553933105281105
1.8356587110591294		5.832782481440473
6.608218308285235		4.0917633982322865
5.8172371250567405		-2.918949517489966
2.8712507814401143		-6.717807949896885
-1.6040835825776514		-5.250763117615993
-7.011284854540902		-4.362167890423374
-2.499165174741226		-1.6002688451694476
0.6677868107186986		1.3030932603009964
4.227611324699207		-0.34670056593876675
0.8627458783224056		-3.2135659622569817

particle=47
-5.30000975209117		3.494952733233803
-3.649719172569944		5.639225181779334
3.0537654748713816		7.392079768462118
7.207731510688385		1.6866507923373866
4.250831729574328		-2.269609242561468
4.612424637123436		-6.80426863182243
-4.221679133277586		-5.394406004950559
-4.4547072865214465		-2.792943969612921
-1.4283569541147783		0.5985480586664096
-0.5742067054040216		2.145274795976394
4.287251877847105		1.260539586037036
-1.5922542556243136		-4.606785379283885

particle=48
-5.78186956100694		2.4231110814867423
-3.746711035654984		7.5875752160959475
1.7723415006780463		7.105809804607481
7.418594570630054		1.516980766599679
4.808394483310083		-1.2776145885944203
1.9681360693569911		-4.824176109866896
-3.761077659208928		-6.359317138744517
-5.258662353621359		-2.7702188181228946
-1.7842280942120405		1.1712802480824127
1.2247682443860293		3.7865574868321024
1.4980002785335742		0.5210776131129704
0.07465972959690981		-2.3054656708909693

particle=49
-6.919138320489528		1.9833109193363598
-3.8561970086858874		7.620052283274424
1.6733042892735226		6.802207878968569
6.5713206861814095		1.5487018788805667
6.36587924840037		-3.8563442691228005
2.021319709548903		-5.913086138065323
-2.0581900425395787		-5.928886100520961
-6.0899535765755015		-4.261070360421974
-2.8473939956580754		-0.9504994085409593
-0.4202684623002105		4.422756640909993
3.6287076873027777		0.9192694985189269
-1.373730385686332		-1.9239911396687033